((("args" .
   [1 0 0 0])
  ("void" .
   [1 0 0 0])
  ("def" .
   [7 0 0])
  ("__init__" .
   [0 0 1 0 0 0 0 0])
  ("self" .
   [11 0 1 3])
  ("Stack" .
   [0 0 0 3 0])
  ("stack" .
   [5 0 1 0 0])
  ("append" .
   [1 0 0 0 0 0])
  ("obj" .
   [2 0 0])
  ("return" .
   [1 0 0 0 0 2])
  ("len" .
   [4 0 0])
  ("stk" .
   [4 0 0])
  ("push" .
   [1 0 0 0])
  ("if" .
   [3 0])
  ("print" .
   [3 0 0 0 0])
  ("pop" .
   [1 0 0])
  ("BASEDIR" .
   [0 0 1 1 1 0 0])
  ("dirname" .
   [2 0 0 0 0 0 0])
  ("Terminal" .
   [1 0 0 0 0 0 0 0])))
